34.75561748596374
40.64508749078959
37.64451236103196
38.47619361290708
52.277870604768395
40.30533998343162
24.776618069561664
28.698377031832933
13.697262584028067
18.054346023185644
3.224326600902714
1.2245942181616556
0.7784759708592901
0.9342084576492198
1.4992734349798411
1.3221450299752178
8.536308208073024
26.25190501799807
36.45362137479242
34.99975385889411
21.76229340408463
33.64459151413757
19.32932654232718
52.695783376926556
37.63318016985431
31.437975845765322
24.331460863351822
23.82636870292481
123.2680235505104
22.549630140769295
24.695480172289535
9.189431028906256
5.112737097078934
5.683291305496823
3.544327206822345
6.078805431636283
2.692178209545091
0.4061069773451891
0.30751575602334924
0.2078664646251127
5.599167269800091
14.34661037888145
39.5451946137473
43.89374042395502
44.639275275869295
28.48464680823963
37.85433335136622
41.23750664386898
35.28716128342785
39.3732613127213
35.335825049784034
36.05259383050725
39.33589379012119
31.646069902693853
18.11202326475177
20.58704673650209
9.673847776488401
10.109822001541033
8.913972515496425
5.582118402875494
3.250720212876331
1.4998307756322902
0.47733633386087604
1.9733654583396856
5.162070137419505
23.981429451843724
41.19715321715921
30.59578118636273
27.14151461678557
43.39081497397274
38.67389530269429
21.3578317851061
39.32015103730373
24.616560447961092
23.517456851317547
38.024011560250074
35.92960323859006
48.88101838110015
16.29153693735134
19.75736262393184
14.812987557728775
7.926742439696682
8.237808025442064
6.7834171522117686
6.988899048184976
0.9460398627998075
0.9187993579398608
0.63199912008713
4.541202758991858
37.976886336226016
32.19812755542807
30.962311837356538
32.50326745654456
32.87682053912431
35.38968198187649
48.224089005729184
32.3224575468339
28.113920414354652
25.655769794946536
39.817950000520796
2.87921348225791
0.9546573479892686
18.38118724897504
Damage case: healthy
Number of cases: 103
Number of correct classifications: 1
Ratio 0.009708737864077669
12.82138206064701
38.65305784344673
32.373870802577585
21.355475415941328
52.016783859580755
19.415133602917194
101.01675397902727
32.95750771090388
9.75873412610963
15.822852275334299
15.676697788294405
15.534487571567297
18.355655106715858
11.687530129216611
27.672606635838747
45.25840836018324
5.441302218940109
38.15689315274358
27.24700354039669
38.64170292764902
74.89130780100822
24.11982190888375
36.8729388024658
79.72881167568266
29.647277245298028
31.584209294989705
29.63716585561633
26.60320929903537
39.18663060758263
20.041439494118094
24.639743147417903
27.729201262816787
34.60669849999249
133.11381340026855
130.89215835928917
Damage case: 1
Number of cases: 35
Number of correct classifications: 5
Ratio 0.14285714285714285
20.123132787644863
132.6309538781643
133.11381340026855
133.11381340026855
133.11381340026855
30.850389003288
23.751233901828527
24.3242228589952
46.49981755577028
43.162862779572606
42.20641095750034
26.368519596755505
23.194283069111407
30.066489317454398
35.82577796559781
21.63514972385019
10.615316414041445
30.639705976471305
28.37765398900956
17.96059048641473
63.29319366067648
8.211466677952558
21.884566746652126
17.395743736997247
7.913841872476041
5.931304794270545
7.953501852694899
8.829861959442496
17.82581426296383
21.39150327909738
26.626178486272693
31.46977085713297
24.747359960339963
29.049279859289527
72.9197999946773
17.390278405044228
24.029107156209648
27.139105778187513
8.390580782666802
26.68057144805789
14.637627387419343
13.57566748932004
25.67745923716575
52.74165530782193
5.780633773654699
31.818563044071198
20.22424041852355
25.738528174813837
18.261777891777456
21.02716774865985
30.770241847261786
28.53420498408377
22.006759414449334
24.043236132711172
18.089584782719612
19.35822865832597
22.87411948479712
22.521211257204413
11.685486209578812
8.491981583181769
11.224498982075602
83.42291692271829
6.18670570384711
7.142518548294902
2.657202249392867
4.541960773523897
3.765803837100975
6.77852185536176
6.47563116508536
6.7492236769758165
9.056118478998542
7.367392185144126
5.347846846561879
11.066350393928587
11.090296206530184
7.5015670685097575
5.733150511980057
14.106526907533407
9.056980466004461
10.926873489283025
14.16236792691052
8.690472174435854
7.378665330819786
10.968592301011086
6.347003953997046
7.51532655255869
3.707822373136878
4.325511030387133
7.370248777326196
2.166516771307215
2.543969051213935
5.197243903297931
5.27551052859053
6.826327033340931
5.322095672599971
11.183231534436345
6.609602809883654
3.303365185391158
4.806884364690632
6.890041086357087
8.096670888829976
15.84087890945375
7.999400381930172
7.69523866660893
9.284353326074779
5.144669938832521
12.730192012153566
6.930832642130554
7.789609145838767
6.315546319819987
Damage case: 2
Number of cases: 110
Number of correct classifications: 7
Ratio 0.06363636363636363
19.417666375637054
13.776676448062062
8.756528585450724
3.213084993767552
6.360795293701813
2.1928001979831606
2.8697580420412123
8.270560994977131
15.74621769436635
13.984765593660995
12.082762302830815
24.919889230281115
21.153266610344872
22.1371507095173
34.779144044965506
23.991184690967202
35.35514154843986
21.01752892881632
11.451208322308958
15.522714060731232
83.17486508376896
10.812169490847737
24.09509661141783
10.79806402977556
Damage case: 3
Number of cases: 24
Number of correct classifications: 1
Ratio 0.041666666666666664
16.39312881231308
19.047081481665373
11.303522786358371
14.31211754027754
43.933892507106066
26.32899037282914
15.693314079195261
23.83534993417561
40.35592956095934
75.11363527923822
26.856206741183996
30.80985825508833
53.31887113302946
41.82463449239731
21.334411163814366
26.22602458950132
24.37823072541505
5.040519256144762
9.66137520945631
13.360515699256212
Damage case: 4
Number of cases: 20
Number of correct classifications: 1
Ratio 0.05
122.56949756573886
1.468125896062702
6.233510465361178
5.09260710910894
8.859477498568594
18.25007137004286
45.98544171079993
18.618562119547278
18.221638769842684
39.41216524783522
104.43725906312466
117.59214122593403
37.9297396466136
49.261619690805674
60.75438130646944
16.623051145114005
12.946463404223323
27.538585148751736
19.923845963552594
14.998673060908914
7.198641556082293
8.579834817443043
Damage case: 5
Number of cases: 22
Number of correct classifications: 4
Ratio 0.18181818181818182
6.184211735613644
6.696112698875368
2.2486798991449177
3.9208761155605316
3.5808384106494486
7.860068676061928
3.968957336153835
12.035469017457217
25.497148932889104
48.50021883379668
69.1494724508375
66.56366822868586
113.96675231307745
100.68191479891539
15.616991735063493
33.480451287701726
21.233019430655986
36.01191379502416
14.962254482787102
7.6123478536028415
51.22006127424538
6.087608790025115
8.63695100741461
Damage case: 6
Number of cases: 23
Number of correct classifications: 4
Ratio 0.17391304347826086
22.00851644948125
16.08814289374277
1.8891738636884838
5.131739149801433
54.363732303492725
23.658793842419982
64.1868864428252
81.62993863970041
28.10512783192098
25.072583926841617
68.25299056619406
21.637055102735758
72.59144006669521
31.831676743924618
30.64609825797379
16.459968583658338
6.6145825195126235
14.02077238727361
22.08931284584105
2.243209396430757
Damage case: 7
Number of cases: 20
Number of correct classifications: 5
Ratio 0.25
2.3358074175193906
5.021501787472516
1.7890762764727697
11.007342196069658
13.769173705717549
21.629037178121507
27.955048428848386
25.494781197980046
47.059546457603574
56.072931902483106
12.4858503844589
14.240762655623257
54.01785149052739
46.269342033192515
17.106365469750017
6.884439683984965
15.445449950173497
20.84419840760529
9.059898549690843
6.400529553182423
4.2686394127085805
132.87126058340073
5.534916114993393
6.214957844698802
29.541784159839153
14.284409409854561
22.112596009857953
19.909455911256373
14.962563689798117
25.66310907714069
8.39222118887119
20.981679990887642
12.94690932915546
8.880626970436424
29.37174263317138
27.995511565357447
8.733688082545996
12.544763605110347
13.681443195790052
6.510656083468348
3.716211882419884
9.809918674640357
4.127657677279785
2.698266400024295
4.282555747777224
7.925225701183081
10.655293816700578
11.978538021445274
7.52472555404529
17.779409772716463
20.504664034582675
17.21569893322885
22.01878278516233
4.049702274147421
6.3187164990231395
11.613560281693935
16.94090636074543
4.714987191837281
5.421817552298307
12.158808554522693
7.076025662012398
6.525110783055425
5.9045703483279794
9.816127421334386
9.317722778767347
1.6636124547803774
4.30932088708505
7.430647934786975
1.5173050432931632
3.8954894128255546
1.575192445074208
3.0419237490277737
5.546812207438052
2.7163875435944647
1.9645641720853746
5.246110620442778
6.426847584079951
4.232716411352158
4.165029577445239
8.546652727294713
2.450733970152214
2.9048879134934396
11.18693324457854
7.364426865242422
3.109284115023911
5.842797841643915
12.181008185259998
12.92949328199029
Damage case: 8
Number of cases: 88
Number of correct classifications: 3
Ratio 0.03409090909090909
3.8304142563138157
2.745283291209489
7.976302224211395
6.081642161123455
3.7192642209120095
2.991401529405266
6.828693134710193
7.516192597337067
30.56137592252344
96.5491674542427
96.76694693416357
31.417901509441435
62.416140880435705
25.988481133710593
55.3388295955956
27.152024740353227
48.47442146576941
24.877770479768515
40.18997345864773
23.999553739093244
13.782377621158957
6.779715322889388
15.8485749210231
11.205943569540977
1.5122418992687017
2.4707891477737576
4.337013276293874
11.926434474997222
23.24456076323986
16.011152314487845
33.720025382936
21.71572596207261
31.99087599478662
26.443098505958915
18.581603994127363
22.488634299021214
28.11428385321051
40.406225223094225
34.214613143354654
29.379133231937885
15.307786761317402
13.65979060693644
4.835005274275318
6.864808862796053
Damage case: 9
Number of cases: 44
Number of correct classifications: 4
Ratio 0.09090909090909091
2.3771463953889906
3.094687008531764
6.554190162569284
2.9745470128254965
1.4693392713088542
5.275745088234544
5.61115813581273
11.864133361727
24.15526533871889
27.23232444934547
56.25804129242897
26.27989578526467
121.14426056668162
84.67082356661558
39.1149309175089
62.4604110205546
16.270910647697747
112.3039905950427
72.93577591143548
17.483717255294323
56.28719369135797
32.27034289576113
26.381756803952157
10.078434162773192
Damage case: 10
Number of cases: 24
Number of correct classifications: 7
Ratio 0.2916666666666667
20.65943655418232
3.7331971945241094
2.655056954594329
6.552504360734019
20.716474077664316
33.45658713905141
114.06168483570218
35.50548617215827
46.13739146851003
65.50923257693648
32.716616816818714
84.38035428151488
59.113308442756534
23.78727630712092
24.28082519210875
20.44781337119639
96.19859004020691
20.18930515833199
17.307944752275944
24.446407010778785
10.412918442394584
6.565149113535881
3.2394947458524257
3.7513364783953875
6.628864202648401
31.261584209278226
37.34395232051611
68.831109078601
48.31068789027631
105.93536484241486
63.989608488976955
19.79236059449613
34.97604591213167
21.706051194109023
24.23318367358297
7.09721660381183
21.859208771027625
15.010673842392862
7.675380187574774
9.442809608764946
8.703557811677456
3.252779903355986
0.9759071259759367
3.9160540690645576
4.856837294064462
2.941577378194779
9.661598457954824
5.254410188179463
7.050043138675392
6.4800849705934525
7.512277554254979
8.685400751419365
26.436364637687802
2.8101654385682195
10.126238651573658
7.572149575687945
13.24139960668981
10.357079047709703
9.326322649605572
4.009968728991225
3.6587855014950037
1.9602878231089562
3.448401872999966
4.258532619103789
1.4229109410080127
2.7804820442106575
1.850884930579923
3.6489840738940984
4.912197456695139
2.6455910017248243
6.189491875469685
14.187526233494282
4.562771207187325
Damage case: 11
Number of cases: 73
Number of correct classifications: 8
Ratio 0.1095890410958904
6.427067005075514
3.2753198363352567
5.894477842375636
5.481543821748346
5.139626886462793
4.083450125530362
11.817448926274665
18.66030574729666
22.868603175040334
47.38444751687348
30.99158386164345
25.450075237080455
18.553436287213117
9.525983797386289
22.2824245383963
Damage case: 12
Number of cases: 15
Number of correct classifications: 0
Ratio 0.0
23.607625544071198
20.637266458943486
14.351840845076367
31.45696354098618
18.40376576129347
32.31565862149
31.486846423707902
14.602365678176284
20.95081209205091
133.11381340026855
Damage case: 13
Number of cases: 10
Number of correct classifications: 1
Ratio 0.1
4.307753347791731
3.9979747927282006
38.12043193168938
30.438529043924063
26.734486172907054
24.010985103435814
97.47199575789273
65.12824419885874
18.644792263396084
18.056826359592378
20.187685953453183
22.376672343350947
13.050468821078539
19.57494200207293
110.17856349237263
3.082034051651135
2.6535600328352302
7.6990744094364345
10.476839259732515
34.94092883635312
34.86211599037051
24.052218478173018
34.73771499656141
35.837283765897155
69.68203327991068
21.16784173063934
24.589622505940497
Damage case: 14
Number of cases: 27
Number of correct classifications: 4
Ratio 0.14814814814814814
