44.48275055130944
52.24154836963862
46.83389921998605
48.94937058305368
72.19000186771154
54.06385992560536
32.95358755602501
37.327200991567224
19.61633439711295
26.17612279043533
5.851793348789215
3.2798357971478254
3.126604895107448
8.014745085965842
5.601370376069099
3.6168035787995905
12.493596297921613
32.75334666389972
45.52748495503329
45.49884263146669
29.935282179852948
44.111122872680426
25.229018269106746
70.36671945964918
49.16417490132153
41.795450932811946
31.845528779085726
31.18301932513714
177.33532801270485
30.41020975774154
32.99499139608815
13.205301698530093
8.256607642397285
9.138509683078155
6.652406841749325
10.045930934837088
6.025101121515036
2.0982867826242
2.2951727632898837
2.1410102115478367
8.634691555285826
17.830648055300117
50.70148360636085
55.37962265871465
62.68755056057125
35.95992162683979
50.415227548684925
53.95866633672267
44.83136116247624
52.01654512900859
45.40023652929813
49.005101995542645
52.44875971507281
40.432402080856264
25.101384648820385
26.156796377385035
13.727786298142746
15.161878154147416
13.62821980100125
10.104959955904633
6.347858622204512
3.5211131267715245
2.287748343544081
4.780162821756676
7.88267672737129
30.416415009647608
55.36761559220031
38.58706891350448
35.125424506142735
58.658682657405734
51.937481614761055
26.578501246869564
50.280982051510364
30.761130977422
31.802096699364483
48.94536182843149
47.40968904644251
65.86074638739228
22.4297110196203
26.00283833965659
21.635289123281837
12.088965139817446
12.799075910123065
10.902969772461802
11.628420518012717
3.142054909840226
3.0391770417336375
3.3580611972138286
6.6684899791143835
68.40849717706442
41.24322403781116
41.60004849359393
42.8025530395098
40.38150307163596
45.492977063171566
64.22178663685918
42.068973641842604
36.43490139162168
34.376638230867684
54.55964775243774
5.854267286369577
3.6386436086613685
24.27477633021772
Damage case: healthy
Number of cases: 103
Number of correct classifications: 1
Ratio 0.009708737864077669
30.076944533735514
102.46154452487826
88.3432470113039
38.67741351574659
112.9585181325674
83.69158011302352
163.00058471411467
42.27748376131058
16.635392819531262
42.041311264038086
23.27413209527731
44.29569982178509
101.50489279255271
37.12056966498494
136.5455662459135
164.7040462270379
36.47531301993877
160.6531145721674
169.77466721832752
171.53211663663387
153.53786570206285
85.56496872007847
55.332412514835596
137.31040484458208
50.79071250651032
54.730346243828535
93.3952172100544
58.097419740632176
99.43013693392277
28.08072648011148
33.1558043025434
126.78449453413486
165.03358052670956
185.71783536672592
187.55112969875336
Damage case: 1
Number of cases: 35
Number of correct classifications: 17
Ratio 0.4857142857142857
109.20648453384638
189.0400071144104
189.18458983302116
189.48232525587082
189.31233903765678
72.29257645085454
90.48001566529274
45.656401332467794
112.83769968152046
109.47455422952771
67.04934407770634
90.51354787871242
30.612110157497227
94.33218523487449
69.74357934482396
40.632546881213784
41.16886038146913
157.73265005648136
159.88261083513498
53.780502742156386
180.92615182697773
90.47142411395907
153.28074477612972
155.67046662420034
76.41855624318123
49.110044265165925
79.61450308188796
28.642403235659003
47.82726797088981
43.45463426504284
46.3948409948498
52.39884904026985
43.036238895729184
47.08522538468242
103.91557177901268
38.33509554900229
89.50739477947354
51.20278122276068
26.681043124757707
85.17011704668403
35.41668106429279
31.228897131979465
83.01076617464423
144.2000836133957
28.50196741335094
106.02821188792586
115.36217901855707
94.21249192580581
38.887411780655384
88.26140265911818
51.06745001859963
48.05120626837015
89.54866989701986
44.64370064251125
43.721020163968205
86.26501765474677
86.39894526824355
85.96975516155362
79.64325585961342
25.363010198809206
74.60280047729611
172.80214904248714
30.55713955871761
70.34958292730153
23.00498855113983
25.364684151485562
73.86809800937772
83.10562273859978
88.43517400324345
73.8003041446209
93.75155149400234
74.62143546715379
24.735249541699886
76.71477489545941
72.3595907613635
22.81880037114024
25.55995177384466
92.37044369801879
69.2802496701479
82.12749067693949
80.22274723649025
33.291062008589506
34.009326627478
35.90932089462876
34.34874571673572
73.79759952798486
20.08367677545175
21.21117101982236
86.8821901269257
23.74666430382058
27.507044253870845
72.06585514172912
85.85641288012266
86.2369748391211
74.90097420662642
96.91546892374754
26.912478901445866
23.20889512449503
24.136911713518202
27.621213438920677
72.50518192350864
86.89785530790687
33.781666211783886
76.27297047898173
34.262151058763266
35.45463712979108
79.8780673854053
73.2010337151587
75.30715786665678
76.87253906950355
Damage case: 2
Number of cases: 110
Number of correct classifications: 28
Ratio 0.2545454545454545
81.24107586592436
91.67829645425081
71.75786824524403
26.242273864336312
87.14974858611822
24.07891082856804
28.53339429758489
76.86141737177968
22.596447884105146
38.679904436692595
33.58017048612237
45.571365766227245
41.943125328049064
86.62682582065463
102.72902003675699
92.13692571595311
94.38397333398461
37.80068313702941
83.09333806112409
34.55815626680851
118.36028991639614
27.983559670858085
83.11222331225872
29.753354849293828
Damage case: 3
Number of cases: 24
Number of correct classifications: 5
Ratio 0.20833333333333334
31.999836331233382
38.660083239898086
96.6907550431788
102.096764318645
106.3339417539537
53.115274367854
75.37940671294928
51.350395211949944
68.31674510613084
153.55857724696398
35.24403285421431
55.66372353211045
126.18170011043549
105.52866693586111
38.12818210572004
85.9510325267911
105.77898247539997
34.69250710867345
80.05024495348334
102.80621184036136
Damage case: 4
Number of cases: 20
Number of correct classifications: 8
Ratio 0.4
179.36842962354422
28.368802323937416
102.6199670881033
75.51683256216347
101.98364793136716
90.41870782151818
131.5122759193182
85.98363781347871
91.49008018523455
107.44649018719792
150.5186397060752
174.86287810653448
125.86330585181713
89.6221376620233
131.03052046895027
44.553410129621625
81.25757943838835
106.87153112143278
93.0454038567841
36.86712056398392
32.059627522714436
86.67913397029042
Damage case: 5
Number of cases: 22
Number of correct classifications: 14
Ratio 0.6363636363636364
26.938295163214207
77.97468466311693
22.788911886513233
22.218275032937527
21.79022789373994
74.20104011520743
24.597541725263
83.63087785243988
52.7395066767931
112.53231482207775
91.9954551383853
91.91304781287909
157.13726898282766
139.2486460953951
30.47502930276096
46.19506541080773
75.28842465765774
90.02241063863039
44.044411001726985
23.85724155884236
85.97145495191216
24.84091936517507
26.93145348224789
Damage case: 6
Number of cases: 23
Number of correct classifications: 6
Ratio 0.2608695652173913
40.247246123850346
35.53173051215708
22.906757197342813
25.57398149278015
86.41948062926531
42.273480255156755
90.54795816540718
131.53600235283375
39.98394216224551
37.43970857653767
114.812007188797
30.28432205505669
127.20753522962332
93.9757552407682
94.03461587801576
30.97446009516716
22.532443500123918
81.27708593383431
90.45193851366639
17.85763025097549
Damage case: 7
Number of cases: 20
Number of correct classifications: 7
Ratio 0.35
19.695093876682222
68.65348843112588
18.93625005055219
78.80362583324313
30.875961642712355
89.11284371092916
43.667667392641306
39.449408231303096
63.195318792015314
105.7632956057787
25.285806449130177
28.43587875366211
108.23021957278252
65.38936066254973
78.34961334243417
22.220794728025794
31.75310101546347
90.32432582974434
24.91175097040832
79.51917032152414
25.407137737609446
162.9900262951851
26.153241051360965
77.16934151947498
96.53637589514256
33.08446616772562
81.05290608108044
40.52437452226877
23.34400095511228
37.650612438097596
39.54469099827111
33.84692667610943
21.243787272833288
18.803127095103264
66.36631034314632
70.18712678551674
19.585305095650256
61.38985786959529
63.06139522045851
56.48696534708142
17.276256916113198
28.43161018192768
63.77315593883395
17.118151031434536
19.96352942287922
78.3241004832089
92.25220499932766
74.12904511392117
24.5907051153481
89.49598732590675
50.40381680615246
27.33136321976781
61.431192584335804
12.659946689382195
48.509630728513
48.85612524859607
54.60210279747844
41.363661747425795
44.06780223362148
60.20595111511648
14.837040361016989
51.95570810511708
59.19893357343972
25.697516482323408
25.17577337101102
17.46323940064758
63.36512373574078
72.90003412216902
17.78142171073705
69.70637108013034
18.509143786504865
77.81606047227979
77.98740182816982
23.07052154932171
20.593395799398422
20.231264198198915
55.5306408200413
43.108880119398236
39.51353367604315
19.644600817002356
37.192278063856065
8.863027940969914
54.23735163360834
51.65815528295934
14.131012299098074
55.586021307855844
25.491356659680605
65.69739584624767
Damage case: 8
Number of cases: 88
Number of correct classifications: 8
Ratio 0.09090909090909091
19.63874537497759
18.187062199227512
69.30699734017253
20.60102473758161
66.53987737558782
70.46624111197889
79.8786220960319
73.34693202376366
100.85769006237388
128.64681246876717
159.13165222108364
76.82242518663406
83.83716179803014
59.40960393473506
108.87724225223064
64.54993507266045
96.60372956469655
38.788439713418484
87.25829627737403
39.26368743553758
20.967918270267546
20.54500853922218
69.63817010447383
24.3686734251678
15.338041535578668
66.6581235229969
64.38653161376715
74.95794707164168
78.45030272752047
30.56998892314732
84.94657100364566
33.726273897103965
77.81923319771886
36.29836618062109
31.355250272899866
64.25430713221431
78.34500417858362
96.00634137541056
85.55848252773285
86.6371663659811
69.29708852618933
27.622920739464462
17.537902689073235
20.566448633093387
Damage case: 9
Number of cases: 44
Number of correct classifications: 6
Ratio 0.13636363636363635
15.783461685292423
58.59392406232655
21.583650711923838
58.97687151283026
14.576557043008506
17.575667241588235
61.63370665162802
25.331093540415168
82.90721372142434
40.424075519666076
104.71828304976225
82.99599752575159
175.19412644207478
117.3748325612396
51.856930542737246
114.14987546950579
26.21522421669215
170.10428735613823
132.99002221226692
45.60492434538901
113.76636715605855
87.40500649809837
84.4503092058003
67.28690103627741
Damage case: 10
Number of cases: 24
Number of correct classifications: 7
Ratio 0.2916666666666667
36.78236554469913
57.04208381474018
17.179023329168558
18.922504663467407
75.26757706701756
84.44047527387738
170.38771456480026
51.521191289648414
65.60918916761875
114.61053315550089
80.9842032007873
119.13542320020497
104.13243035972118
40.73196926154196
42.90020021982491
32.581733617931604
146.8621391505003
33.14930864237249
30.567503545433283
77.32978297024965
61.640223203226924
62.29223856702447
60.80132333934307
16.73125336691737
19.896322784014046
92.55954119563103
55.36661157943308
129.557839281857
64.98640276864171
153.72827878594398
113.62889843434095
32.36123917251825
90.6831930205226
33.744653947651386
38.962966261431575
21.289373617619276
77.2671493217349
73.2812331020832
20.64452292956412
69.12634532898664
23.571524787694216
57.535479882732034
14.1838532499969
59.26212475448847
17.252139437943697
57.912510853260756
24.00719098933041
58.48005709797144
23.020445231348276
20.417551957070827
25.470526495948434
26.034832725301385
55.968650145456195
13.773428506217897
55.68544829636812
53.07530219480395
27.900131499394774
60.337703596800566
72.52748274430633
66.48564635775983
19.182240998372436
18.076615656726062
18.32631130423397
66.64136704429984
15.064362255390733
16.965814259834588
14.557578123174608
15.611758570186794
48.04323388263583
13.854919217526913
53.34406265243888
68.03627310693264
19.778175354003906
Damage case: 11
Number of cases: 73
Number of correct classifications: 10
Ratio 0.136986301369863
64.89327270910144
15.938567553646863
20.869223495945334
82.83764357492328
68.91728070005774
19.852458686567843
30.71366672962904
29.569210038520396
35.781861977651715
95.23685181885958
78.29612763226032
39.51504463329911
30.85359848011285
22.30569200683385
43.20511953346431
Damage case: 12
Number of cases: 15
Number of correct classifications: 1
Ratio 0.06666666666666667
39.21068071760237
41.399920765310526
30.75540659762919
81.44775225222111
27.73991223331541
80.05958506837487
82.31877262145281
27.142225964926183
79.65233724564314
189.8479825258255
Damage case: 13
Number of cases: 10
Number of correct classifications: 1
Ratio 0.1
16.61327274888754
16.326625249814242
87.74981356412172
71.58067408017814
71.05135455355048
35.98378603439778
150.2860946804285
147.59625126421452
39.12867929786444
36.03287302516401
39.18200082145631
83.3053235411644
28.148672603070736
39.47448890842497
159.68491022940725
59.168982565402985
64.22929516248405
63.232428427785635
67.20928426086903
87.92820114642382
87.98855435848236
36.20325824059546
50.755147421732545
79.0348747484386
112.11808494478464
31.17260529845953
62.1211841609329
Damage case: 14
Number of cases: 27
Number of correct classifications: 4
Ratio 0.14814814814814814
