29.371546161346487
34.83783395122737
32.83039229625865
32.472107366716955
42.40326554980129
33.360668396548135
20.223150687894304
23.613771962409373
10.83296564837292
14.561438185476618
2.5332530903997394
0.9042100506489987
0.46034250321008585
0.11998375314942678
0.8169222219576113
0.9564690115817029
7.023722739736513
21.888105374586303
31.531084113696124
28.83019374747164
17.000998499531306
27.89994856266094
15.923238469709759
43.50811173977672
31.127542277150496
26.457668503106106
20.00789900908967
19.938828573853243
98.59986580908298
18.332088048577134
20.04694032151656
7.127875657213735
3.836684429489196
4.313056611742013
2.455719223898086
4.696085740203898
1.8286978492456
0.17859831559962913
0.13605453101172316
0.056370836891801446
4.53792254036216
12.300231331797477
33.04795951397682
37.56811812892556
34.16581711592153
24.72517019739098
31.21441841169144
33.90217945841141
29.7239717222983
32.28825641896401
29.560651622712612
28.950265553081408
31.191137914043793
26.97141400972032
14.26458522563098
17.35798999114286
7.713101696465856
7.682401920692428
6.593973925276259
3.933494367325693
2.2119060998816167
1.0849688991411313
0.25928532334728516
1.3733225534924713
4.045268477337231
20.088484537902332
34.085907056112774
25.82673115603393
22.8273795156324
34.34952942203381
31.42944109700329
18.246207096031867
33.40469087271413
20.86171348951757
18.80947815185391
31.463372886180878
29.558385026217366
39.200109155790415
12.436271077676793
16.286925750814135
11.40820247380816
6.087404846636446
6.135675664652808
5.26206723992027
5.160360874298931
0.6174344702367307
0.3505170130148372
0.19990684156891803
3.5766436041326415
21.026424160292663
27.52984285587445
24.582493576622255
26.38353868338163
28.365347721613944
29.69146778760478
39.370798573392676
26.500163878443345
23.61846158024855
20.829080388160946
32.27907159834285
2.123816240928136
0.3818388760951166
14.640732165426016
Damage case: healthy
Number of cases: 103
Number of correct classifications: 2
Ratio 0.019417475728155338
8.52622304542092
19.191453318999265
15.933115554864344
16.832475455245003
39.268395118342596
9.370697427264531
84.58512802701443
30.792927285656333
8.262180590769276
9.549676051381539
13.916002510115504
10.373785891297302
3.23195015003148
6.729068327927962
2.029199487529695
0.05294907421193784
0.9183306866289058
0.9948891993262805
0.9527780208154581
0.40818976078298874
0.22111843385209795
13.050924011979077
31.734259519726038
64.38815453567076
23.759305989486165
25.505239008925855
18.931331126237637
20.537982276204275
28.123941320576705
17.996725658886135
22.54932877793908
10.058784717250091
1.6235905094945338
4.080614237987902
2.4706738626700826
Damage case: 1
Number of cases: 35
Number of correct classifications: 2
Ratio 0.05714285714285714
1.273824738800613
0.20055271970340982
0.616403104737401
3.9728965550893918
1.5554116407292895
19.70356225015348
11.292697470133135
18.23449015355436
23.74290004748036
22.600221967884863
35.42926218151115
15.654759161829134
20.642831466160715
17.48954544267326
28.192033621045994
18.52872630918864
3.920402497667965
5.85689753308543
5.392527468517073
12.74050342204282
1.2499227541848086
1.8526527057401836
0.2854589005874004
0.5320285107154632
0.7597905980073847
0.630303264631948
0.051497919790563174
4.276897407602519
11.77234593644971
16.775054965168238
22.084570938604884
26.567245149693917
21.22756639358704
25.05976620875299
62.00550833565649
12.40855170627583
14.710760747540917
21.263465148513205
5.6516051983926445
16.50519483629614
11.440934082260355
10.629385796375573
13.6758363948029
33.72662791654875
1.6160703600799025
11.712976371622062
3.183485221627052
10.125394973802031
13.502577039413154
4.139099936182902
24.94767422392033
22.976944329217076
7.98331802985922
17.534566152840853
10.115453008131226
9.602151877559663
9.45510715716955
10.428803813600098
2.8224298771383474
4.357189948748783
1.843815421088948
38.38653716119006
2.1587465099073597
0.48084999317507027
0.10435163269903569
1.0814107195474207
0.04373499053326668
0.3492687963153003
0.045286262764420826
0.5125757451241952
1.0797410813247552
0.8854335324067506
2.636963980701694
2.498542464825732
1.8269075999123743
4.442339543951675
1.5382075172346958
0.10319716554658953
0.8031680132262409
0.4571868608763907
1.7962084628161392
3.8355654482729733
1.9223940615484025
5.277976360288449
1.3836591149301967
0.6051859250437701
0.8946711344287905
1.3285845728823915
0.33438944595400244
0.06855759887002932
0.04775474725829554
0.16649232187046437
0.03564930966240354
0.07259594880451914
0.0876838186813984
0.9010879277921049
3.622880277223885
0.42291011392990185
1.588622863902856
1.2453721056172071
0.2524577650037827
0.9106022700871108
3.8321093474514782
0.1744948933192063
4.327329284627922
1.6442115585996362
3.876150910218712
0.8277160346333403
0.7534106457460439
0.9229735601111315
Damage case: 2
Number of cases: 110
Number of correct classifications: 1
Ratio 0.00909090909090909
6.208042816389934
0.9616203452460468
2.1549115568195703
0.5375558763662411
0.032994875218719244
0.1387567125093483
0.9576487835038279
3.6572736649031867
13.290210822131485
8.402364118572223
7.151109143807844
19.1314550034258
16.52319496385462
10.900019951077411
23.29055931046605
11.555175444329507
23.86939280936349
18.407607305794954
2.793683054347639
13.112859067041427
72.09053786098957
7.654985068475071
13.42239367604634
6.865708589230053
Damage case: 3
Number of cases: 24
Number of correct classifications: 1
Ratio 0.041666666666666664
13.315546632031328
15.101819893345237
0.7769883919827407
3.0011096326925326
31.05021778329683
20.648678029887378
8.40717192349257
17.64131617406383
33.89402064494789
51.34948469448136
24.76726197451353
24.44530078524258
31.332695386605337
33.238504230976105
18.800956456921995
16.634142745198915
5.122238248601207
1.4692108002273017
4.963978865467652
3.6104017498000758
Damage case: 4
Number of cases: 20
Number of correct classifications: 1
Ratio 0.05
102.18128710598103
0.17166204851309885
0.12235770050028805
1.7182934751763241
1.6006557899527252
11.990939955125214
25.090569439344108
11.492278398305643
10.16669005658332
28.57403117767535
83.284185372293
93.37887699529529
16.768511872476665
32.378602037904784
25.560071544721723
10.54522010294022
3.354317300065304
10.460940270888386
8.432667486995342
12.201944343745708
4.180648091980402
2.1262152578492532
Damage case: 5
Number of cases: 22
Number of correct classifications: 3
Ratio 0.13636363636363635
4.858816343359649
0.077904691817821
0.45072245604933414
3.060551105067134
1.9730077940039337
1.0627148923304048
1.9784142518528824
3.748516788473353
18.618695837212726
32.90164582869329
60.05862624105066
54.1227849656716
95.92205994203687
83.60340224485844
13.028022766113281
28.914666921831667
8.410232217793236
22.544458666816354
9.6424398169911
4.672715918037284
35.603959248401225
3.4453263812283694
5.124850692040127
Damage case: 6
Number of cases: 23
Number of correct classifications: 4
Ratio 0.17391304347826086
15.755669124191627
11.827271768590435
0.4559419452216389
2.3921948169409006
41.73121346708649
18.047706495504826
51.909649710636586
64.06134810391814
23.922690963372588
21.71066196949687
55.657803853973746
19.90931518562138
56.60111916168535
15.414529598456284
14.873161726645776
12.96671584714204
3.3786513405611913
2.5839376692892984
9.9349460368976
0.7992467749027128
Damage case: 7
Number of cases: 20
Number of correct classifications: 4
Ratio 0.2
0.6892783882631193
0.012733774186926894
0.4234308769391646
1.443099672855169
9.498117523296969
7.400684604792332
23.349712433759123
20.647871930035762
40.33092142269015
40.28702876996249
9.512895657680929
10.212348042055964
38.52811606740579
40.35633372887969
5.295345931248448
4.313064557158214
11.349019120214507
5.746802624089469
5.931291800705367
1.9256058914470486
1.9988640025258064
80.38866931200027
4.410239546559751
1.7903430342048523
22.67000276967883
8.245692015170789
9.274515061537386
14.788812045473605
11.84850200661458
19.945601279381663
2.5973700942595315
17.751638736575842
9.851733430667082
6.149166965100449
17.8244239835185
15.025201120410202
6.329379754373804
3.922220236327121
7.017122860066593
1.1448266065272037
1.8201184169593034
5.863492004282307
0.25232541338482406
0.8155874659860274
1.5693832600372843
0.620479750490631
0.45791555787582183
3.4523771552485414
4.76619573822245
8.239358152211935
10.82943341191276
13.468094360083342
13.657976999442326
2.708167079137638
0.6293658775757649
5.259586391795892
8.781002486968646
0.3891991538948787
0.38727284532797057
4.058860435619863
6.195498764514923
0.6069552944245515
1.191039999233908
7.844509637914598
6.745577570982277
0.5606143141430948
0.15511242070351727
0.18499706745205913
0.23415639984887093
0.12392648888635449
0.18879784294040292
0.10250889869348612
0.3404283186973771
0.2469464454043191
0.23530884464889823
2.2041106987162493
1.5355630533085787
0.32889367526513524
0.18881350531228236
6.414919340517372
0.032731306688219775
1.9363160827015236
2.914246757856745
1.6543015875395213
1.2204422687209444
0.38868804011508473
9.322913384996355
3.876794264302589
Damage case: 8
Number of cases: 88
Number of correct classifications: 1
Ratio 0.011363636363636364
1.4215552427449438
1.2292027243547636
0.7554910632679821
4.628365806303918
0.41485598590952577
0.3076277209329419
0.9968924353815964
0.990502118896984
9.79071333129832
79.2770634777844
74.74963651376311
18.3212098187214
51.64604709809646
14.443757210829062
38.379363358486444
14.353517606701644
32.79684998042649
20.76483063865453
25.188853423576802
19.86217375122942
12.374608943937346
3.901919442374492
6.263460284259054
8.905089099891484
0.18420766377948894
0.1026949359147693
0.5557246869138908
2.120909140066942
9.319099005770113
11.834807444160106
17.483668904053047
17.344040301279165
17.439263806212693
22.430826606228948
14.24577015201794
9.006015306862537
11.655166366188496
22.615600361896213
18.171138096447976
14.937831394061504
4.75046254897461
10.51127043959059
2.964634242428474
4.816303563255133
Damage case: 9
Number of cases: 44
Number of correct classifications: 3
Ratio 0.06818181818181818
0.7394452149164863
0.17205349662981462
5.517377165146172
0.3748099518343224
0.20510794832443935
4.681585755199194
1.3187215824109444
8.835756421205588
10.497832874156302
22.80052533466369
39.28317570313811
12.496683080004004
99.08236665464938
70.83819931047037
33.76681486819871
46.63846205801383
11.896145609556697
86.34300600830466
48.71726627473254
10.974056914783432
37.07220557798428
15.114951981726335
12.066964856094273
2.8431458787381416
Damage case: 10
Number of cases: 24
Number of correct classifications: 5
Ratio 0.20833333333333334
15.463124001864344
0.044139225377875846
1.0138644055941768
4.899974159928206
6.516486749147589
18.87619675042515
92.61857645446435
29.67874624975957
38.464183987118304
46.66411125345621
19.47154548333492
70.51657199580222
41.7370819603093
18.500728662591428
20.577638857765123
15.229464362142608
77.38806959241629
16.237282676855102
13.438805623147346
12.068263594308519
4.181115968269296
0.9618287028497434
0.2732597326175892
2.0318589173266446
4.357682345493231
13.435928662227525
31.952236399054527
50.761259201564826
41.36907090526074
84.13023284822702
41.35816213861108
13.867422573501244
20.208091884444002
18.14886263012886
18.844602193450555
3.565316542462824
7.99702965105098
4.584932057376136
4.6616419313213555
1.8032007363435696
6.232912418432534
0.14737581832378055
0.31091052812371345
0.5136928011634154
4.123408735729754
0.02739305754948873
6.953277690336108
1.0813951570526115
3.977679097579312
5.088289289269596
4.1238413284299895
4.705238280075719
16.141059549874626
1.0544472245237557
3.019991937704617
2.25683687171113
10.317422370717395
4.174401354772272
1.3068303739346447
0.2984565443111933
1.6644706861115992
0.17995475338648248
2.528011890593916
0.0003972917911596596
0.33946043771902623
1.197220937905513
0.638434936297017
2.173187753171078
0.6464925917607616
0.9175220294710016
1.0705373006640002
5.066343256388791
1.6026979390135239
Damage case: 11
Number of cases: 73
Number of correct classifications: 6
Ratio 0.0821917808219178
0.23384756734594703
1.2975676613796168
4.721130471676588
0.5030812949407846
1.0574564825801644
1.9569268735849619
6.816023899711581
14.6038695119787
18.237409856403247
35.235709383152425
16.267214775987668
19.889929534168914
14.696865768171847
7.120612357277423
14.979369234395563
Damage case: 12
Number of cases: 15
Number of correct classifications: 0
Ratio 0.0
16.708635955117643
14.305681052104774
9.911906692739649
15.463399978878442
16.20486999861896
16.063597887579817
15.096056516278622
11.125548538053408
7.765086230880115
110.30335736274719
Damage case: 13
Number of cases: 10
Number of correct classifications: 1
Ratio 0.1
3.3621421568095684
2.0737682928120194
21.364684391766787
17.833472908227122
15.549630903900834
20.57162897917442
77.17671899014385
31.547398077775142
13.440819491166621
14.37544891849393
15.132643835182535
9.930852171317383
10.288129465654492
16.096804634667933
90.8728692189743
0.49303033608885016
0.22718693921342492
2.0081210430216743
1.77537370994105
19.70311629452044
20.8998056773562
20.24879497103393
28.851001906674355
20.96204282148392
51.13544053491205
17.222034378908575
13.318477892113151
Damage case: 14
Number of cases: 27
Number of correct classifications: 3
Ratio 0.1111111111111111
